import cvxpy as cvx
import numpy as np
import dccp
import pandas as pd

Rij = np.array([0.        , 0.65150397, 0.61056664, 0.58341001, 0.84922169, 0.60748914,
 1.0864798 , 0.5600209 , 0.70457012, 0.80549108, 0.64788242, 0.54649135,
 0.59247887, 0.63667297, 0.51931929, 0.65526496, 0.80106073, 0.75452701,
 0.80609318, 0.68895784, 0.79564261, 0.80381105, 1.05041159, 0.74346616,
 0.8483478 , 0.65588898, 0.65150397, 0.        , 0.67068271, 0.64352608,
 0.90933776, 0.66760521, 1.14659587, 0.62013697, 0.76468619, 0.86560715,
 0.70799849, 0.60660742, 0.65259494, 0.69678904, 0.57943536, 0.71538103,
 0.8611768 , 0.81464308, 0.86620925, 0.74907391, 0.85575868, 0.86392712,
 1.11052766, 0.80358223, 0.90846387, 0.71600505, 0.61056664, 0.67068271,
 0.        , 0.60258875, 0.86840043, 0.62666788, 1.10565854, 0.57919964,
 0.72374886, 0.82466982, 0.66706116, 0.56567009, 0.61165761, 0.65585171,
 0.53849803, 0.6744437 , 0.82023947, 0.77370575, 0.82527192, 0.70813658,
 0.81482135, 0.82298979, 1.06959033, 0.7626449 , 0.86752654, 0.67506772,
 0.58341001, 0.64352608, 0.60258875, 0.        , 0.8412438 , 0.59951125,
 1.07850191, 0.55204301, 0.69659223, 0.79751319, 0.63990453, 0.53851346,
 0.58450099, 0.62869508, 0.5113414 , 0.64728707, 0.79308284, 0.74654912,
 0.79811529, 0.68097995, 0.78766472, 0.79583316, 1.0424337 , 0.73548827,
 0.84036991, 0.64791109, 0.84922169, 0.90933776, 0.86840043, 0.8412438 ,
 0.        , 0.86532293, 1.34431359, 0.81785469, 0.96240391, 1.06332486,
 0.90571621, 0.80432514, 0.85031266, 0.89450675, 0.77715308, 0.91309875,
 1.05889452, 1.0123608 , 1.06392697, 0.94679163, 1.0534764 , 1.06164484,
 1.30824538, 1.00129995, 1.10618159, 0.91372277, 0.60748914, 0.66760521,
 0.62666788, 0.59951125, 0.86532293, 0.        , 1.10258104, 0.57612214,
 0.72067136, 0.82159232, 0.66398366, 0.56259259, 0.60858011, 0.65277421,
 0.53542053, 0.6713662 , 0.81716197, 0.77062825, 0.82219442, 0.70505908,
 0.81174385, 0.81991229, 1.06651283, 0.7595674 , 0.86444904, 0.67199022,
 1.0864798 , 1.14659587, 1.10565854, 1.07850191, 1.34431359, 1.10258104,
 0.        , 1.0551128 , 1.19966202, 1.30058298, 1.14297432, 1.04158325,
 1.08757078, 1.13176487, 1.01441119, 1.15035686, 1.29615263, 1.24961891,
 1.30118508, 1.18404974, 1.29073451, 1.29890295, 1.5455035 , 1.23855807,
 1.3434397 , 1.15098089, 0.5600209 , 0.62013697, 0.57919964, 0.55204301,
 0.81785469, 0.57612214, 1.0551128 , 0.        , 0.67320312, 0.77412408,
 0.61651542, 0.51512435, 0.56111188, 0.60530597, 0.48795229, 0.62389796,
 0.76969373, 0.72316001, 0.77472618, 0.65759084, 0.76427561, 0.77244405,
 1.0190446 , 0.71209917, 0.8169808 , 0.62452199, 0.70457012, 0.76468619,
 0.72374886, 0.69659223, 0.96240391, 0.72067136, 1.19966202, 0.67320312,
 0.        , 0.9186733 , 0.76106464, 0.65967357, 0.70566109, 0.74985519,
 0.63250151, 0.76844718, 0.91424295, 0.86770923, 0.9192754 , 0.80214006,
 0.90882483, 0.91699327, 1.16359381, 0.85664838, 0.96153002, 0.7690712 ,
 0.80549108, 0.86560715, 0.82466982, 0.79751319, 1.06332486, 0.82159232,
 1.30058298, 0.77412408, 0.9186733 , 0.        , 0.86198559, 0.76059453,
 0.80658205, 0.85077614, 0.73342247, 0.86936814, 1.0151639 , 0.96863018,
 1.02019636, 0.90306102, 1.00974578, 1.01791423, 1.26451477, 0.95756934,
 1.06245097, 0.86999216, 0.64788242, 0.70799849, 0.66706116, 0.63990453,
 0.90571621, 0.66398366, 1.14297432, 0.61651542, 0.76106464, 0.86198559,
 0.        , 0.60298587, 0.64897339, 0.69316749, 0.57581381, 0.71175948,
 0.85755525, 0.81102153, 0.8625877 , 0.74545236, 0.85213713, 0.86030557,
 1.10690611, 0.79996068, 0.90484232, 0.7123835 , 0.54649135, 0.60660742,
 0.56567009, 0.53851346, 0.80432514, 0.56259259, 1.04158325, 0.51512435,
 0.65967357, 0.76059453, 0.60298587, 0.        , 0.54758233, 0.59177642,
 0.47442274, 0.61036841, 0.75616418, 0.70963046, 0.76119663, 0.64406129,
 0.75074606, 0.7589145 , 1.00551505, 0.69856962, 0.80345125, 0.61099244,
 0.59247887, 0.65259494, 0.61165761, 0.58450099, 0.85031266, 0.60858011,
 1.08757078, 0.56111188, 0.70566109, 0.80658205, 0.64897339, 0.54758233,
 0.        , 0.63776394, 0.52041027, 0.65635593, 0.8021517 , 0.75561798,
 0.80718416, 0.69004882, 0.79673358, 0.80490203, 1.05150257, 0.74455714,
 0.84943877, 0.65697996, 0.63667297, 0.69678904, 0.65585171, 0.62869508,
 0.89450675, 0.65277421, 1.13176487, 0.60530597, 0.74985519, 0.85077614,
 0.69316749, 0.59177642, 0.63776394, 0.        , 0.56460436, 0.70055003,
 0.8463458 , 0.79981208, 0.85137825, 0.73424291, 0.84092768, 0.84909612,
 1.09569666, 0.78875123, 0.89363287, 0.70117405, 0.51931929, 0.57943536,
 0.53849803, 0.5113414 , 0.77715308, 0.53542053, 1.01441119, 0.48795229,
 0.63250151, 0.73342247, 0.57581381, 0.47442274, 0.52041027, 0.56460436,
 0.        , 0.58319635, 0.72899212, 0.6824584 , 0.73402457, 0.61688923,
 0.723574  , 0.73174244, 0.97834298, 0.67139755, 0.77627919, 0.58382037,
 0.65526496, 0.71538103, 0.6744437 , 0.64728707, 0.91309875, 0.6713662 ,
 1.15035686, 0.62389796, 0.76844718, 0.86936814, 0.71175948, 0.61036841,
 0.65635593, 0.70055003, 0.58319635, 0.        , 0.86493779, 0.81840407,
 0.86997024, 0.7528349 , 0.85951967, 0.86768811, 1.11428865, 0.80734322,
 0.91222486, 0.71976604, 0.80106073, 0.8611768 , 0.82023947, 0.79308284,
 1.05889452, 0.81716197, 1.29615263, 0.76969373, 0.91424295, 1.0151639 ,
 0.85755525, 0.75616418, 0.8021517 , 0.8463458 , 0.72899212, 0.86493779,
 0.        , 0.96419984, 1.01576601, 0.89863067, 1.00531544, 1.01348388,
 1.26008442, 0.95313899, 1.05802063, 0.86556181, 0.75452701, 0.81464308,
 0.77370575, 0.74654912, 1.0123608 , 0.77062825, 1.24961891, 0.72316001,
 0.86770923, 0.96863018, 0.81102153, 0.70963046, 0.75561798, 0.79981208,
 0.6824584 , 0.81840407, 0.96419984, 0.        , 0.96923229, 0.85209695,
 0.95878172, 0.96695016, 1.2135507 , 0.90660527, 1.01148691, 0.81902809,
 0.80609318, 0.86620925, 0.82527192, 0.79811529, 1.06392697, 0.82219442,
 1.30118508, 0.77472618, 0.9192754 , 1.02019636, 0.8625877 , 0.76119663,
 0.80718416, 0.85137825, 0.73402457, 0.86997024, 1.01576601, 0.96923229,
 0.        , 0.90366312, 1.01034789, 1.01851633, 1.26511688, 0.95817145,
 1.06305308, 0.87059427, 0.68895784, 0.74907391, 0.70813658, 0.68097995,
 0.94679163, 0.70505908, 1.18404974, 0.65759084, 0.80214006, 0.90306102,
 0.74545236, 0.64406129, 0.69004882, 0.73424291, 0.61688923, 0.7528349 ,
 0.89863067, 0.85209695, 0.90366312, 0.        , 0.89321255, 0.90138099,
 1.14798154, 0.84103611, 0.94591774, 0.75345893, 0.79564261, 0.85575868,
 0.81482135, 0.78766472, 1.0534764 , 0.81174385, 1.29073451, 0.76427561,
 0.90882483, 1.00974578, 0.85213713, 0.75074606, 0.79673358, 0.84092768,
 0.723574  , 0.85951967, 1.00531544, 0.95878172, 1.01034789, 0.89321255,
 0.        , 1.00806576, 1.2546663 , 0.94772087, 1.05260251, 0.86014369,
 0.80381105, 0.86392712, 0.82298979, 0.79583316, 1.06164484, 0.81991229,
 1.29890295, 0.77244405, 0.91699327, 1.01791423, 0.86030557, 0.7589145 ,
 0.80490203, 0.84909612, 0.73174244, 0.86768811, 1.01348388, 0.96695016,
 1.01851633, 0.90138099, 1.00806576, 0.        , 1.26283475, 0.95588932,
 1.06077095, 0.43415607, 1.05041159, 1.11052766, 1.06959033, 1.0424337 ,
 1.30824538, 1.06651283, 1.5455035 , 1.0190446 , 1.16359381, 1.26451477,
 1.10690611, 1.00551505, 1.05150257, 1.09569666, 0.97834298, 1.11428865,
 1.26008442, 1.2135507 , 1.26511688, 1.14798154, 1.2546663 , 1.26283475,
 0.        , 1.20248986, 1.30737149, 1.11491268, 0.74346616, 0.80358223,
 0.7626449 , 0.73548827, 1.00129995, 0.7595674 , 1.23855807, 0.71209917,
 0.85664838, 0.95756934, 0.79996068, 0.69856962, 0.74455714, 0.78875123,
 0.67139755, 0.80734322, 0.95313899, 0.90660527, 0.95817145, 0.84103611,
 0.94772087, 0.95588932, 1.20248986, 0.        , 1.00042606, 0.80796725,
 0.8483478 , 0.90846387, 0.86752654, 0.84036991, 1.10618159, 0.86444904,
 1.3434397 , 0.8169808 , 0.96153002, 1.06245097, 0.90484232, 0.80345125,
 0.84943877, 0.89363287, 0.77627919, 0.91222486, 1.05802063, 1.01148691,
 1.06305308, 0.94591774, 1.05260251, 1.06077095, 1.30737149, 1.00042606,
 0.        , 0.91284888, 0.65588898, 0.71600505, 0.67506772, 0.64791109,
 0.91372277, 0.67199022, 1.15098089, 0.62452199, 0.7690712 , 0.86999216,
 0.7123835 , 0.61099244, 0.65697996, 0.70117405, 0.58382037, 0.71976604,
 0.86556181, 0.81902809, 0.87059427, 0.75345893, 0.86014369, 0.43415607,
 1.11491268, 0.80796725, 0.91284888, 0.        ])
Iij = np.array([1.00000000e+00, 8.34983459e+02, 9.16026092e+02, 1.26097400e+03,
 2.00954922e+03, 6.09231042e+03, 2.73934957e+03, 5.72038216e+03,     
 3.64993752e+03, 9.45718109e+02, 6.53672897e+02, 5.71272949e+02,
 6.54910301e+02, 6.46275970e+02, 6.44104568e+02, 8.23186920e+02,
 4.90052289e+03, 2.07951282e+03, 1.83479706e+03, 3.36474977e+03,
 6.95591741e+03, 7.09735379e+03, 1.61879977e+03, 1.33233852e+03,
 3.34303516e+03, 9.24697217e+03, 8.34983459e+02, 1.00000000e+00,
 6.05175916e+03, 1.63732849e+03, 7.35199121e+03, 1.81796716e+03,
 3.54943262e+03, 1.03710373e+03, 1.57359070e+03, 9.11250183e+02,
 1.18419925e+03, 6.62656036e+02, 2.56072290e+03, 7.31895874e+02,
 8.30375458e+02, 1.15805964e+03, 1.64046649e+03, 4.04488555e+03,
 2.89845093e+03, 9.45406738e+02, 3.02565204e+03, 4.82827073e+03,
 2.23645149e+03, 4.43052958e+03, 2.66082789e+03, 1.40667535e+03,
 9.16026092e+02, 6.05175916e+03, 1.00000000e+00, 1.21723962e+03,
 9.48995490e+03, 1.11504141e+03, 6.20420383e+03, 1.00445206e+03,
 1.17858733e+03, 9.46334808e+02, 8.42085052e+02, 6.72390503e+02,
 2.52934057e+03, 1.36119931e+03, 1.27258998e+03, 1.05682806e+03,
 1.96252123e+03, 2.75206152e+03, 1.90002734e+03, 1.08689972e+03,
 2.06296259e+03, 5.65258530e+03, 7.30791977e+03, 7.83378443e+03,
 2.77756166e+03, 1.18594623e+03, 1.26097400e+03, 1.63732849e+03,
 1.21723962e+03, 1.00000000e+00, 2.27240076e+03, 2.00655032e+03,
 1.34451808e+03, 1.16142532e+03, 1.13972849e+03, 1.07241675e+03,
 8.86731506e+02, 7.77928925e+02, 5.95670029e+02, 8.80342631e+02,
 7.04744446e+02, 1.17187688e+03, 2.32211726e+03, 2.84117875e+03,
 4.25479456e+03, 1.38942889e+03, 2.74140161e+03, 4.94755536e+03,
 1.22553906e+03, 2.03792236e+03, 1.77592755e+03, 1.38497012e+03,
 2.00954922e+03, 7.35199121e+03, 9.48995490e+03, 2.27240076e+03,
 1.00000000e+00, 2.51709595e+03, 8.34191726e+03, 1.78175958e+03,
 5.66488458e+03, 5.34695638e+03, 3.19062146e+03, 6.33314447e+03,
 6.32191833e+03, 1.78187096e+03, 5.27386847e+03, 1.15844968e+03,
 2.86065998e+03, 8.60766261e+03, 9.54769849e+03, 1.81656482e+03,
 9.04013524e+03, 1.33069512e+04, 6.30375116e+03, 9.60176176e+03,
 3.07584351e+03, 3.06499432e+03, 6.09231042e+03, 1.81796716e+03,
 1.11504141e+03, 2.00655032e+03, 2.51709595e+03, 1.00000000e+00,
 8.59312436e+02, 3.18196600e+03, 7.58425244e+03, 6.60466553e+02,
 1.04761256e+03, 9.74848678e+02, 1.78428344e+03, 4.86745194e+02,
 4.28627258e+03, 6.66482941e+02, 8.01607265e+03, 2.72948419e+03,
 1.24898938e+03, 1.18745190e+03, 9.90189551e+03, 1.17594782e+04,
 8.82729523e+02, 5.05392248e+03, 2.35098041e+03, 1.16380303e+04,
 2.73934957e+03, 3.54943262e+03, 6.20420383e+03, 1.34451808e+03,
 8.34191726e+03, 8.59312436e+02, 1.00000000e+00, 5.75448465e+03,
 1.31878126e+03, 2.53060205e+03, 1.22685970e+03, 8.78899124e+02,
 7.03066391e+02, 8.56209626e+03, 7.02371013e+03, 8.29504449e+03,
 6.85911080e+03, 2.40913574e+03, 3.33284523e+03, 3.88786776e+03,
 5.50175586e+03, 7.07802930e+03, 7.70437345e+03, 3.36888335e+03,
 7.04177079e+03, 5.08549064e+03, 5.72038216e+03, 1.03710373e+03,
 1.00445206e+03, 1.16142532e+03, 1.78175958e+03, 3.18196600e+03,
 5.75448465e+03, 1.00000000e+00, 1.01196738e+03, 9.25865692e+02,
 7.23844269e+02, 6.41712433e+02, 6.19691193e+02, 3.58020342e+03,
 8.61047241e+02, 1.15975290e+03, 7.72574517e+03, 1.92178369e+03,
 1.85431128e+03, 5.49296667e+03, 1.24729706e+03, 4.52994690e+03,
 2.01445948e+03, 9.79668823e+02, 3.03844715e+03, 6.19199273e+03,
 3.64993752e+03, 1.57359070e+03, 1.17858733e+03, 1.13972849e+03,
 5.66488458e+03, 7.58425244e+03, 1.31878126e+03, 1.01196738e+03,
 1.00000000e+00, 7.94044495e+02, 7.43275986e+02, 1.73025739e+03,
 8.81161179e+02, 8.52573227e+02, 2.66850873e+03, 1.04369342e+03,
 1.20748970e+03, 2.13632660e+03, 9.52448578e+02, 9.91631104e+02,
 9.14041773e+03, 8.77319873e+03, 1.18858936e+03, 5.00467906e+03,
 3.51614270e+03, 6.66881592e+03, 9.45718109e+02, 9.11250183e+02,
 9.46334808e+02, 1.07241675e+03, 5.34695638e+03, 6.60466553e+02,
 2.53060205e+03, 9.25865692e+02, 7.94044495e+02, 1.00000000e+00,
 9.28006775e+02, 6.75283234e+02, 4.38608810e+02, 8.64678070e+02,
 2.22644320e+03, 8.40204681e+02, 1.96782672e+03, 3.94916715e+03,
 7.13357678e+03, 1.28832983e+03, 1.54267685e+03, 2.25593558e+03,
 1.06421692e+03, 9.30312500e+02, 2.06672946e+03, 9.94092682e+02,
 6.53672897e+02, 1.18419925e+03, 8.42085052e+02, 8.86731506e+02,
 3.19062146e+03, 1.04761256e+03, 1.22685970e+03, 7.23844269e+02,
 7.43275986e+02, 9.28006775e+02, 1.00000000e+00, 5.05755615e+02,
 3.79327194e+02, 4.87180572e+02, 4.40927307e+02, 2.59913178e+02,
 1.52322908e+03, 3.37405457e+03, 4.88724011e+03, 8.81375824e+02,
 2.83298520e+03, 3.44196194e+03, 8.41793213e+02, 1.59088248e+03,
 1.39886981e+03, 9.64287628e+02, 5.71272949e+02, 6.62656036e+02,
 6.72390503e+02, 7.77928925e+02, 6.33314447e+03, 9.74848678e+02,
 8.78899124e+02, 6.41712433e+02, 1.73025739e+03, 6.75283234e+02,
 5.05755615e+02, 1.00000000e+00, 3.90564643e+03, 1.34685303e+02,
 3.88659831e+02, 4.83956576e+02, 1.48775550e+03, 4.18886343e+03,
 7.08292450e+02, 6.83482254e+02, 3.25949049e+03, 5.11683350e+03,
 7.35380585e+02, 8.93939850e+02, 1.17892981e+03, 6.75036224e+02,
 6.54910301e+02, 2.56072290e+03, 2.52934057e+03, 5.95670029e+02,
 6.32191833e+03, 1.78428344e+03, 7.03066391e+02, 6.19691193e+02,
 8.81161179e+02, 4.38608810e+02, 3.79327194e+02, 3.90564643e+03,
 1.00000000e+00, 2.79795425e+02, 9.37902527e+01, 5.65946129e+02,
 1.25766736e+03, 3.95622175e+03, 2.65785683e+03, 6.43491775e+02,
 1.98847748e+03, 4.87107687e+03, 6.55179749e+02, 1.72610498e+03,
 1.16711613e+03, 9.87007515e+02, 6.46275970e+02, 7.31895874e+02,
 1.36119931e+03, 8.80342631e+02, 1.78187096e+03, 4.86745194e+02,
 8.56209626e+03, 3.58020342e+03, 8.52573227e+02, 8.64678070e+02,
 4.87180572e+02, 1.34685303e+02, 2.79795425e+02, 1.00000000e+00,
 2.51305527e+02, 7.79727788e+03, 3.44517825e+03, 1.84152847e+03,
 1.14472237e+03, 2.19722033e+03, 1.48529547e+03, 1.92578918e+03,
 4.30157881e+03, 7.62687012e+02, 2.99732387e+03, 8.14448081e+02,
 6.44104568e+02, 8.30375458e+02, 1.27258998e+03, 7.04744446e+02,
 5.27386847e+03, 4.28627258e+03, 7.02371013e+03, 8.61047241e+02,
 2.66850873e+03, 2.22644320e+03, 4.40927307e+02, 3.88659831e+02,
 9.37902527e+01, 2.51305527e+02, 1.00000000e+00, 4.14385010e+02,
 5.33158325e+03, 1.67053976e+03, 2.94228370e+03, 7.90439240e+02,
 4.63564453e+03, 4.15550964e+03, 1.45032361e+03, 8.29475090e+02,
 1.50369037e+03, 1.40279779e+03, 8.23186920e+02, 1.15805964e+03,
 1.05682806e+03, 1.17187688e+03, 1.15844968e+03, 6.66482941e+02,
 8.29504449e+03, 1.15975290e+03, 1.04369342e+03, 8.40204681e+02,
 2.59913178e+02, 4.83956576e+02, 5.65946129e+02, 7.79727788e+03,
 4.14385010e+02, 1.00000000e+00, 1.87651298e+03, 5.15275055e+02,
 9.79928162e+02, 1.11337811e+03, 1.08875513e+03, 1.88112300e+03,
 8.15901085e+03, 9.18532135e+02, 2.52066711e+03, 1.00999878e+03,
 4.90052289e+03, 1.64046649e+03, 1.96252123e+03, 2.32211726e+03,
 2.86065998e+03, 8.01607265e+03, 6.85911080e+03, 7.72574517e+03,
 1.20748970e+03, 1.96782672e+03, 1.52322908e+03, 1.48775550e+03,
 1.25766736e+03, 3.44517825e+03, 5.33158325e+03, 1.87651298e+03,
 1.00000000e+00, 2.85844825e+03, 2.39357194e+03, 9.21968840e+03,
 1.93782523e+03, 4.93014889e+03, 7.08523775e+03, 4.75138565e+03,
 1.05911714e+04, 6.06632482e+03, 2.07951282e+03, 4.04488555e+03,
 2.75206152e+03, 2.84117875e+03, 8.60766261e+03, 2.72948419e+03,
 2.40913574e+03, 1.92178369e+03, 2.13632660e+03, 3.94916715e+03,
 3.37405457e+03, 4.18886343e+03, 3.95622175e+03, 1.84152847e+03,
 1.67053976e+03, 5.15275055e+02, 2.85844825e+03, 1.00000000e+00,
 8.81704517e+03, 2.26449377e+03, 7.14834526e+03, 7.37087162e+03,
 2.90115906e+03, 2.47068793e+03, 3.21540906e+03, 3.18211285e+03,
 1.83479706e+03, 2.89845093e+03, 1.90002734e+03, 4.25479456e+03,
 9.54769849e+03, 1.24898938e+03, 3.33284523e+03, 1.85431128e+03,
 9.52448578e+02, 7.13357678e+03, 4.88724011e+03, 7.08292450e+02,
 2.65785683e+03, 1.14472237e+03, 2.94228370e+03, 9.79928162e+02,
 2.39357194e+03, 8.81704517e+03, 1.00000000e+00, 2.16318597e+03,
 4.35336011e+03, 4.82076154e+03, 1.45569879e+03, 2.50760010e+03,
 2.98497302e+03, 1.77704749e+03, 3.36474977e+03, 9.45406738e+02,
 1.08689972e+03, 1.38942889e+03, 1.81656482e+03, 1.18745190e+03,
 3.88786776e+03, 5.49296667e+03, 9.91631104e+02, 1.28832983e+03,
 8.81375824e+02, 6.83482254e+02, 6.43491775e+02, 2.19722033e+03,
 7.90439240e+02, 1.11337811e+03, 9.21968840e+03, 2.26449377e+03,
 2.16318597e+03, 1.00000000e+00, 1.51725494e+03, 4.19979532e+03,
 4.07604541e+03, 2.07638980e+03, 7.70131934e+03, 4.73147520e+03,
 6.95591741e+03, 3.02565204e+03, 2.06296259e+03, 2.74140161e+03,
 9.04013524e+03, 9.90189551e+03, 5.50175586e+03, 1.24729706e+03,
 9.14041773e+03, 1.54267685e+03, 2.83298520e+03, 3.25949049e+03,
 1.98847748e+03, 1.48529547e+03, 4.63564453e+03, 1.08875513e+03,
 1.93782523e+03, 7.14834526e+03, 4.35336011e+03, 1.51725494e+03,
 1.00000000e+00, 1.34117688e+04, 2.05183362e+03, 5.81797641e+03,
 4.41149255e+03, 1.05468057e+04, 7.09735379e+03, 4.82827073e+03,
 5.65258530e+03, 4.94755536e+03, 1.33069512e+04, 1.17594782e+04,
 7.07802930e+03, 4.52994690e+03, 8.77319873e+03, 2.25593558e+03,
 3.44196194e+03, 5.11683350e+03, 4.87107687e+03, 1.92578918e+03,
 4.15550964e+03, 1.88112300e+03, 4.93014889e+03, 7.37087162e+03,
 4.82076154e+03, 4.19979532e+03, 1.34117688e+04, 1.00000000e+00,
 5.06353023e+03, 1.08570667e+04, 9.79452597e+03, 2.66577881e+03,
 1.61879977e+03, 2.23645149e+03, 7.30791977e+03, 1.22553906e+03,
 6.30375116e+03, 8.82729523e+02, 7.70437345e+03, 2.01445948e+03,
 1.18858936e+03, 1.06421692e+03, 8.41793213e+02, 7.35380585e+02,
 6.55179749e+02, 4.30157881e+03, 1.45032361e+03, 8.15901085e+03,
 7.08523775e+03, 2.90115906e+03, 1.45569879e+03, 4.07604541e+03,
 2.05183362e+03, 5.06353023e+03, 1.00000000e+00, 5.12726392e+03,
 7.03271168e+03, 1.25102759e+03, 1.33233852e+03, 4.43052958e+03,
 7.83378443e+03, 2.03792236e+03, 9.60176176e+03, 5.05392248e+03,
 3.36888335e+03, 9.79668823e+02, 5.00467906e+03, 9.30312500e+02,
 1.59088248e+03, 8.93939850e+02, 1.72610498e+03, 7.62687012e+02,
 8.29475090e+02, 9.18532135e+02, 4.75138565e+03, 2.47068793e+03,
 2.50760010e+03, 2.07638980e+03, 5.81797641e+03, 1.08570667e+04,
 5.12726392e+03, 1.00000000e+00, 6.58929541e+03, 7.09769073e+03,
 3.34303516e+03, 2.66082789e+03, 2.77756166e+03, 1.77592755e+03,
 3.07584351e+03, 2.35098041e+03, 7.04177079e+03, 3.03844715e+03,
 3.51614270e+03, 2.06672946e+03, 1.39886981e+03, 1.17892981e+03,
 1.16711613e+03, 2.99732387e+03, 1.50369037e+03, 2.52066711e+03,
 1.05911714e+04, 3.21540906e+03, 2.98497302e+03, 7.70131934e+03,
 4.41149255e+03, 9.79452597e+03, 7.03271168e+03, 6.58929541e+03,
 1.00000000e+00, 7.13570746e+03, 9.24697217e+03, 1.40667535e+03,
 1.18594623e+03, 1.38497012e+03, 3.06499432e+03, 1.16380303e+04,
 5.08549064e+03, 6.19199273e+03, 6.66881592e+03, 9.94092682e+02,
 9.64287628e+02, 6.75036224e+02, 9.87007515e+02, 8.14448081e+02,
 1.40279779e+03, 1.00999878e+03, 6.06632482e+03, 3.18211285e+03,
 1.77704749e+03, 4.73147520e+03, 1.05468057e+04, 2.66577881e+03,
 1.25102759e+03, 7.09769073e+03, 7.13570746e+03, 1.00000000e+00])
Iij = Iij / 1000
print(min(Iij), max(Iij))
# Rij = np.array([1,2,3,4,5])
# Iij = np.array([0.34, 0.1, 0.955, 0.3, 0.1]) 
dim = 676

c = cvx.Variable(dim)
constr = []
for i in range(dim):
    constr.append(c[i] >= Rij[i])
prob = cvx.Problem(cvx.Maximize(cvx.norm(cvx.multiply(Iij, cvx.inv_pos(c)))), constr)

prob.solve(method="dccp", solver="MOSEK", verbose=True)
print(c.value)